Generation 0: 
69646, 60011, 62344, 58957, 73144, 67737, 78543, 56222, 73140, 66373, 59676, 68756, 66249, 70834, 63066, 66505, 76420, 76897, 71570, 76011, 67293, 66802, 63533, 60024, 75327, 68328, 72349, 63054, 53593, 77096, 65336, 64145, 69191, 71588, 75421, 60265, 63299, 66852, 64943, 63692, 
--------------------------
Generation 1: 
64937, 59087, 64145, 54457, 63328, 59175, 64053, 67063, 63066, 64031, 71293, 57117, 63692, 57390, 66233, 71856, 59676, 55954, 52033, 59664, 61987, 63019, 60024, 60265, 62879, 63054, 66025, 64165, 56222, 60011, 69484, 63299, 69531, 67389, 63098, 65705, 53593, 63533, 62344, 58957, 
--------------------------
Generation 2: 
52033, 64314, 64323, 54074, 67508, 58501, 54840, 65065, 64062, 58717, 58937, 65095, 61095, 54503, 63561, 58228, 61402, 59805, 64750, 57947, 59839, 62732, 63288, 63112, 54941, 58233, 60754, 58286, 54379, 50848, 63548, 58844, 59904, 63651, 54888, 63690, 56027, 62950, 58147, 65868, 55981, 
--------------------------
Generation 3: 
58228, 54074, 65185, 55981, 58584, 51282, 54503, 54379, 58286, 54941, 57879, 58147, 58395, 59296, 57560, 52399, 54338, 55420, 56765, 53279, 52033, 59987, 55647, 57418, 54033, 58593, 56027, 58968, 54840, 54888, 57947, 57474, 60272, 59390, 58501, 53507, 58233, 57199, 50848, 59396, 
--------------------------
Generation 4: 
51282, 50848, 60413, 52399, 58210, 58205, 58740, 62995, 57715, 58533, 59372, 54033, 59215, 53345, 53507, 54503, 52856, 57942, 63240, 61447, 58712, 61039, 54379, 51625, 54338, 58213, 60152, 60609, 58393, 54074, 61033, 56108, 53279, 54840, 58329, 57754, 54803, 52033, 58082, 50403, 
--------------------------
Generation 5: 
53442, 52716, 60354, 58047, 51625, 58216, 58971, 58534, 56841, 60076, 56246, 59715, 50403, 57665, 57595, 56556, 58126, 57741, 56554, 56417, 63583, 51614, 59040, 57705, 57796, 51847, 50848, 52607, 51282, 54347, 57100, 57786, 56826, 58475, 50901, 53679, 63399, 58088, 58202, 
--------------------------
Generation 6: 
53808, 58554, 57329, 51847, 59421, 57371, 51685, 58579, 55391, 58471, 57403, 56833, 56528, 57621, 53442, 58464, 55570, 58102, 58739, 51314, 50593, 57863, 50403, 56410, 57595, 64285, 58489, 57418, 51282, 56904, 51614, 52716, 52607, 56084, 57259, 50901, 51123, 51625, 58279, 50848, 
--------------------------
Generation 7: 
60944, 53366, 57853, 58011, 52684, 50403, 56221, 51282, 58300, 52823, 58579, 52201, 57214, 57290, 58434, 51824, 50901, 56462, 58095, 58071, 57471, 56597, 57639, 58572, 51314, 51029, 56457, 57531, 56245, 53029, 58090, 50593, 52682, 57430, 56941, 50880, 51224, 51123, 58181, 50848, 52086, 
--------------------------
Generation 8: 
61038, 51591, 57821, 56520, 58355, 56982, 53546, 53739, 57141, 51857, 77399, 51029, 51026, 57586, 57755, 55448, 52937, 50880, 51123, 53493, 58452, 50901, 50593, 58262, 57158, 50559, 56996, 51004, 56105, 50848, 57465, 56514, 57165, 56368, 50403, 58148, 56789, 50403, 57702, 59029, 57230, 
--------------------------
Generation 9: 
51303, 58011, 56105, 54997, 56352, 56397, 51026, 51004, 52813, 50848, 53739, 50711, 51029, 57626, 51591, 55448, 57989, 53546, 56986, 50901, 53493, 50909, 50559, 50403, 50880, 62062, 52927, 51123, 49483, 50403, 58316, 50906, 52937, 51857, 52417, 57695, 50593, 53284, 51575, 56697, 
--------------------------
Generation 10: 
49483, 50403, 50711, 56694, 58297, 56415, 51026, 57388, 58252, 50403, 52245, 50906, 57079, 51029, 57196, 50593, 57730, 54902, 51123, 57185, 50660, 50952, 53108, 50880, 60202, 50901, 50559, 50906, 55515, 56694, 57033, 51081, 50909, 50321, 50848, 57553, 51597, 51004, 51303, 51575, 57384, 
--------------------------
Generation 11: 
56563, 53334, 50652, 51004, 50660, 50321, 50848, 57562, 50716, 52738, 50906, 50901, 52948, 50906, 49483, 50952, 50559, 50321, 57207, 49668, 56599, 50909, 51014, 58296, 50403, 50403, 50276, 53296, 50593, 49483, 56546, 64201, 57030, 59218, 50711, 60861, 57490, 50880, 50660, 51042, 
--------------------------
Generation 12: 
52376, 49668, 50559, 50321, 56771, 55379, 49483, 58674, 66027, 57411, 50403, 57923, 51345, 56417, 50321, 0, 52921, 51998, 54409, 50593, 56817, 56024, 56489, 57849, 55640, 50276, 56883, 52745, 50125, 50321, 55963, 56790, 63495, 55900, 49483, 57076, 50652, 56774, 50403, 50403, 52432, 
--------------------------
Generation 13: 
50403, 50321, 50593, 50321, 50403, 57628, 52745, 52376, 49668, 57104, 53063, 58648, 49483, 52570, 52432, 50125, 56290, 51345, 51998, 50867, 48857, 56265, 50276, 56275, 51968, 50403, 56114, 50652, 49694, 50321, 56833, 56342, 58031, 50559, 50321, 54448, 49951, 49483, 58341, 58863, 56970, 
--------------------------
Generation 14: 
50321, 50321, 55609, 52037, 56817, 63855, 49694, 49483, 57426, 56538, 49668, 52318, 52540, 52987, 61771, 56625, 56810, 52348, 56475, 50321, 49245, 50912, 50125, 48857, 50276, 56651, 49951, 50321, 49423, 56695, 50321, 65071, 54394, 55988, 60810, 56708, 49668, 56816, 57250, 
--------------------------
Generation 15: 
49694, 65056, 53746, 50125, 52672, 56088, 56791, 56278, 56046, 48857, 50276, 50321, 56264, 54535, 55880, 51450, 51109, 49696, 56059, 49245, 50977, 50285, 49483, 56541, 50321, 56761, 50778, 56479, 49668, 56590, 58827, 58129, 49951, 49423, 51169, 60031, 49483, 55243, 56498, 57782, 49668, 
--------------------------
Generation 16: 
50977, 57022, 49696, 48857, 56677, 56478, 56478, 52731, 49668, 74279, 54584, 55946, 49668, 52532, 50276, 49668, 56214, 50321, 51405, 50125, 55763, 49423, 49245, 57026, 49483, 50778, 56573, 49694, 50652, 56338, 49483, 49951, 50853, 63769, 57809, 50321, 58812, 49757, 56639, 53744, 50285, 
--------------------------
Generation 17: 
50285, 56050, 49951, 49423, 49696, 56277, 54851, 49668, 50125, 50276, 49694, 50321, 63544, 51083, 56754, 56300, 57995, 57630, 49050, 48857, 49483, 58233, 50276, 49245, 56253, 50321, 57957, 56603, 56042, 49668, 49483, 49668, 49757, 49423, 48857, 52172, 50025, 48857, 48857, 50977, 54357, 
--------------------------
Generation 18: 
49483, 52195, 57600, 48857, 56285, 60087, 49050, 48857, 48857, 60222, 56484, 49423, 56303, 49841, 56225, 48857, 58285, 55630, 49245, 49423, 48857, 54070, 56892, 57175, 56136, 57540, 49483, 57272, 58480, 57046, 49668, 56164, 57393, 52940, 56660, 49483, 52237, 55709, 57675, 50600, 68969, 
--------------------------
Generation 19: 
55948, 48857, 56072, 55630, 57570, 61387, 48857, 55256, 55498, 55521, 56765, 50212, 56701, 48857, 52940, 57495, 50413, 58966, 56730, 48857, 48857, 56914, 56398, 56222, 49423, 48857, 48857, 58313, 49423, 49050, 48857, 57238, 50775, 55333, 53422, 59181, 50315, 52009, 57123, 49245, 63778, 
--------------------------
Generation 20: 
52342, 60021, 49423, 48857, 56802, 55752, 48857, 48857, 48857, 49423, 50841, 56445, 57221, 52367, 56512, 48857, 56399, 50413, 58263, 49245, 52128, 50603, 50315, 56401, 48857, 48857, 56295, 48857, 50642, 62835, 48857, 48857, 55758, 56629, 50212, 52009, 49050, 56974, 57441, 56348, 50775, 
--------------------------
Generation 21: 
57337, 56925, 54346, 63208, 55819, 54051, 50086, 56523, 52643, 58875, 53041, 57034, 52583, 56463, 51476, 57427, 56908, 57095, 52670, 48857, 56499, 50603, 50390, 49766, 56473, 56849, 50642, 52235, 77646, 57530, 68132, 56394, 50058, 56501, 57801, 56185, 50264, 48857, 54220, 
--------------------------
Generation 22: 
50264, 56814, 57569, 56876, 51297, 56984, 49766, 51476, 55819, 52656, 52235, 56185, 49654, 52643, 52235, 48857, 52583, 56322, 56571, 54346, 54051, 57315, 53041, 56640, 52235, 56513, 50058, 50642, 50086, 48857, 56333, 50603, 54220, 50390, 57771, 58019, 56301, 56268, 52670, 58577, 
--------------------------
Generation 23: 
57197, 51476, 56900, 50603, 57554, 56145, 56210, 57180, 56238, 63769, 50390, 50642, 57608, 51297, 50058, 49654, 48857, 56672, 53595, 50086, 49766, 52235, 56419, 57258, 48857, 50264, 55838, 57352, 52923, 56276, 57020, 52235, 63425, 52583, 52235, 53200, 56898, 57035, 53286, 56481, 
--------------------------
Generation 24: 
52235, 50264, 61466, 57222, 56468, 52235, 56891, 56092, 58062, 50636, 51476, 53595, 54609, 60357, 58267, 58037, 50086, 50603, 49766, 52923, 56657, 52235, 56730, 56811, 51297, 55980, 52583, 50058, 50870, 48857, 53865, 53721, 50642, 50390, 49654, 50194, 55958, 51518, 48857, 50180, 50058, 
--------------------------
Generation 25: 
56781, 50058, 52341, 57776, 56735, 52822, 57036, 58440, 59119, 57060, 49766, 50058, 48857, 56569, 51070, 52578, 50264, 57611, 56872, 52574, 75636, 63653, 57160, 49654, 56985, 50058, 60727, 48857, 58148, 55922, 57679, 49883, 50086, 55930, 50180, 56553, 57004, 50194, 56916, 65763, 
--------------------------
Generation 26: 
56952, 52820, 48857, 49766, 56799, 57252, 53840, 56491, 56635, 50628, 58473, 56473, 51181, 57315, 59801, 55765, 52584, 51404, 57081, 58986, 57393, 51362, 51461, 56568, 48857, 57593, 57909, 51682, 49654, 56728, 56076, 51277, 55834, 48857, 50334, 56580, 55772, 56321, 56922, 51005, 
--------------------------
Generation 27: 
55042, 56900, 49766, 48857, 58038, 49654, 56491, 60570, 57797, 51181, 59377, 57511, 51005, 56176, 56800, 51404, 52584, 56514, 57780, 57713, 56366, 48857, 51277, 51682, 58080, 52308, 57283, 56939, 57200, 51362, 55156, 52584, 56124, 51461, 48857, 53223, 50334, 56861, 48857, 57486, 50628, 
--------------------------
Generation 28: 
55451, 62510, 58378, 49654, 56986, 49923, 56839, 49196, 50054, 56722, 56027, 56103, 51134, 57075, 48857, 51897, 56396, 58349, 48857, 49766, 48857, 53012, 57493, 56633, 56828, 48857, 60388, 55964, 48857, 51112, 50523, 49766, 56275, 51044, 56521, 56975, 49270, 57141, 56520, 48857, 
--------------------------
Generation 29: 
57220, 48584, 56915, 49196, 48857, 57258, 49270, 50416, 57694, 52803, 48857, 50066, 53032, 55583, 57497, 48857, 55672, 56400, 54230, 48857, 56661, 59155, 56890, 55304, 56666, 48857, 48857, 56048, 57172, 57533, 56279, 49654, 48857, 49196, 56767, 56309, 57436, 52341, 56177, 57579, 60355, 
--------------------------
Generation 30: 
54991, 48857, 54455, 56190, 48857, 54477, 56404, 48857, 48857, 56329, 57156, 55782, 48857, 56682, 58122, 56484, 60632, 56497, 53246, 55831, 55796, 56486, 57412, 64522, 56839, 65103, 57061, 57040, 57127, 56418, 56976, 56455, 48857, 53404, 48584, 48857, 48857, 56190, 57354, 56665, 
--------------------------
Generation 31: 
55468, 53404, 48857, 51126, 57007, 63931, 54455, 53246, 48857, 50430, 54561, 51247, 57851, 48857, 0, 54477, 56819, 57501, 48857, 57487, 56272, 48857, 52409, 52506, 55938, 55876, 48857, 52797, 48857, 56509, 48857, 56973, 55434, 56324, 53260, 48857, 58943, 51654, 48584, 56223, 56248, 
--------------------------
Generation 32: 
56655, 56672, 55920, 50347, 57523, 57107, 57046, 53211, 55295, 48857, 57974, 51993, 56078, 61745, 57073, 48857, 56477, 57332, 57711, 48857, 48857, 56559, 57104, 54813, 48857, 48584, 56993, 48857, 48857, 65934, 56324, 52849, 50552, 54016, 56352, 48857, 48857, 56900, 57888, 48857, 
--------------------------
Generation 33: 
50552, 48857, 52849, 48857, 55295, 57229, 55744, 63251, 48857, 48857, 56850, 69277, 54813, 50347, 48857, 48857, 58922, 48857, 56629, 51993, 48857, 57610, 53211, 55930, 56049, 56256, 54016, 56221, 56665, 48857, 57835, 56350, 48584, 55899, 51124, 48857, 54437, 48857, 52793, 57453, 
--------------------------
Generation 34: 
51993, 51062, 55429, 59034, 50347, 57006, 56581, 50970, 56012, 50347, 58017, 48857, 48857, 50610, 61342, 57435, 50552, 48857, 57124, 52793, 52849, 60612, 48857, 56858, 51124, 48857, 57476, 48857, 48857, 48857, 48857, 49693, 48857, 48584, 55206, 48857, 57631, 57751, 53211, 48857, 48857, 
--------------------------
Generation 35: 
48584, 56424, 60198, 55371, 57832, 48857, 48857, 50235, 56991, 56573, 48857, 57095, 48857, 54940, 58585, 56998, 56832, 48857, 48857, 48857, 56913, 48857, 48857, 51741, 48584, 57301, 48857, 48857, 53454, 48857, 56684, 57117, 48857, 48857, 55325, 48857, 58863, 48857, 48857, 57269, 
--------------------------
Generation 36: 
48857, 56119, 52994, 55640, 57811, 52673, 56412, 64958, 56515, 56302, 48584, 55904, 50910, 50002, 48857, 61015, 48857, 64536, 57227, 56788, 57582, 48857, 55759, 48857, 48584, 54397, 64203, 56003, 50486, 48857, 48857, 55982, 57753, 56231, 56381, 56900, 55853, 61034, 48857, 48584, 
--------------------------
Generation 37: 
60794, 56506, 54063, 56967, 57769, 54356, 48584, 56452, 56303, 56903, 48857, 54722, 51314, 48584, 57308, 55312, 55956, 50262, 56217, 48584, 57729, 48857, 56697, 49689, 50052, 53427, 60402, 56942, 57620, 48857, 51054, 54399, 57829, 48584, 56836, 53462, 51741, 55138, 56954, 55932, 
--------------------------
Generation 38: 
48584, 48857, 51054, 51741, 48584, 56078, 56154, 49689, 57986, 54356, 55293, 48584, 63899, 56902, 56658, 53462, 57979, 55801, 56107, 48584, 55996, 54399, 51177, 57099, 50262, 56224, 59521, 57368, 51276, 53614, 53427, 51314, 55152, 53500, 48857, 50052, 53434, 48857, 48857, 
--------------------------
Generation 39: 
53434, 57474, 48857, 51177, 56230, 57663, 51314, 50595, 48584, 50374, 51054, 48584, 57086, 57818, 56662, 56125, 50052, 52386, 52079, 49689, 53427, 51741, 50262, 48584, 48857, 48857, 56408, 55444, 50479, 57125, 55085, 56518, 48584, 56796, 57005, 56389, 51276, 48857, 57640, 57369, 
--------------------------
Generation 40: 
50374, 48584, 50052, 48857, 56560, 50829, 55899, 57857, 48857, 56575, 56550, 50374, 48857, 48857, 57133, 48584, 56244, 52253, 59571, 50701, 50262, 55995, 58447, 50479, 57168, 48584, 48584, 52358, 57132, 56741, 56939, 48584, 57304, 57811, 55240, 49689, 49824, 55425, 48857, 57200, 55129, 
--------------------------
Generation 41: 
56840, 48584, 52895, 48584, 56162, 48857, 55290, 54332, 55448, 48584, 56323, 56861, 57230, 48584, 50052, 57284, 48857, 50410, 48857, 51146, 48584, 51637, 48857, 49689, 48584, 56971, 57348, 57051, 57523, 56931, 55500, 56823, 57236, 49824, 56102, 48584, 57906, 56390, 48857, 48584, 56926, 
--------------------------
Generation 42: 
56835, 48584, 56679, 48584, 53266, 48584, 56726, 48857, 53388, 48584, 56951, 56118, 50052, 50523, 57041, 54652, 57729, 48584, 56544, 53025, 57897, 48857, 48857, 55685, 55796, 49806, 48584, 49689, 48584, 49824, 56082, 55577, 48857, 48584, 56571, 56285, 56647, 48857, 55552, 48584, 
--------------------------
Generation 43: 
57549, 48584, 50052, 56437, 58381, 49689, 56051, 56501, 48857, 50889, 48857, 56247, 48584, 48584, 56497, 48584, 49824, 48584, 48584, 50523, 48857, 48857, 48857, 48584, 50186, 57023, 55296, 53025, 48584, 48584, 55424, 57108, 48584, 55989, 55227, 48584, 48857, 57189, 56554, 49806, 
--------------------------
Generation 44: 
55884, 52915, 52515, 48584, 74129, 56543, 58076, 57128, 55474, 55691, 51169, 57477, 57502, 53737, 64284, 48584, 48584, 55577, 55079, 57532, 55568, 56254, 56222, 56931, 57297, 51343, 57354, 52862, 49214, 57038, 56926, 53848, 48584, 56269, 53913, 56317, 48584, 56716, 58385, 55429, 
--------------------------
Generation 45: 
