Generation 0: 
69627, 72511, 61439, 70385, 70456, 67650, 67338, 72888, 71675, 63504, 70016, 59754, 67909, 67913, 71369, 71347, 68474, 67959, 68453, 62263, 67338, 70726, 67010, 72383, 71284, 65366, 69623, 70540, 74425, 58241, 59927, 66482, 56642, 61147, 67548, 57531, 71920, 61066, 66596, 66407, 71771, 70402, 55227, 75873, 63634, 67933, 65962, 64137, 68466, 69986, 63760, 63459, 80584, 74039, 65321, 66853, 65982, 58620, 68728, 68193, 74622, 64019, 63592, 67149, 77017, 66058, 69648, 64259, 70996, 61746, 64403, 67424, 62835, 66668, 67206, 73494, 79002, 63936, 71793, 69032, 60131, 68069, 70728, 60822, 59775, 64220, 78150, 62909, 63146, 63618, 
--------------------------
Generation 1: 
56303, 55238, 64393, 73297, 60822, 67925, 63825, 70229, 73287, 63222, 68995, 56949, 69556, 61467, 68813, 68341, 75693, 61256, 64721, 61006, 67198, 59631, 74685, 70542, 64040, 64711, 63037, 58829, 63516, 62535, 66779, 64940, 64173, 74332, 56158, 56928, 66862, 64910, 59084, 60941, 61876, 67721, 59321, 58272, 55556, 63759, 69221, 59382, 66857, 59844, 72937, 69140, 57076, 55474, 58090, 56642, 70361, 67149, 70485, 58233, 63221, 59450, 64797, 59321, 65321, 66892, 60831, 72147, 61588, 66771, 62216, 61066, 65151, 55227, 72263, 67381, 66507, 61145, 71663, 60542, 72556, 65030, 67771, 65754, 73232, 66937, 71157, 76488, 64519, 62897, 
--------------------------
Generation 2: 
59321, 71990, 56949, 56355, 54558, 61813, 65027, 59382, 58829, 56928, 60542, 64936, 65467, 55556, 63327, 61339, 61677, 57203, 63695, 60724, 56303, 65996, 69176, 55474, 56372, 62487, 60096, 63193, 56642, 61117, 59316, 63110, 61780, 59005, 64430, 64584, 67709, 62793, 67696, 59911, 62246, 58233, 67302, 58272, 64118, 54366, 72372, 64907, 65687, 59084, 61840, 67013, 63561, 55927, 60153, 63522, 57253, 63246, 64841, 62672, 64639, 60444, 69865, 60507, 67864, 62539, 61652, 56158, 59711, 64473, 59321, 65185, 61991, 64596, 53697, 55227, 64893, 55238, 63760, 57076, 62205, 60759, 59321, 55275, 59582, 67104, 61080, 67035, 60581, 58090, 61735, 
--------------------------
Generation 3: 
60741, 55836, 58911, 56355, 63337, 56372, 58512, 60677, 56372, 58860, 63793, 59933, 60504, 56162, 64121, 58809, 54155, 53697, 60925, 60280, 64207, 55930, 65439, 64776, 59558, 54558, 59057, 66330, 61764, 61634, 56158, 71115, 63607, 61100, 59321, 55945, 60850, 55927, 61509, 55386, 60725, 59275, 55238, 55474, 55129, 59005, 56063, 59394, 53543, 65349, 55107, 54366, 59947, 63596, 60288, 59974, 55556, 54425, 64389, 55243, 58228, 54947, 64065, 61779, 61613, 56303, 60296, 65028, 59028, 59444, 58834, 60573, 56928, 59265, 55275, 64055, 58400, 59040, 54832, 60861, 61806, 55227, 56447, 56297, 60580, 63392, 58779, 58774, 63730, 61522, 61666, 
--------------------------
Generation 4: 
61749, 59360, 62599, 60870, 66259, 54056, 57907, 52739, 60020, 62146, 55987, 55994, 54832, 62565, 60503, 53231, 62265, 58990, 64194, 60963, 60936, 61058, 54366, 54558, 55107, 54425, 56395, 55238, 62147, 53697, 67622, 62094, 64341, 60702, 62869, 64308, 65541, 62019, 53543, 61651, 61925, 55243, 60159, 65291, 55945, 56259, 54155, 61381, 60938, 60750, 54249, 55227, 61254, 62907, 54551, 58202, 62127, 55129, 60329, 63804, 61801, 54436, 54947, 64297, 54558, 53100, 55275, 61080, 59363, 58879, 63387, 52765, 63499, 58773, 60639, 60921, 59199, 56312, 61530, 59064, 59355, 54159, 59453, 53941, 70013, 58856, 55779, 61401, 53697, 62986, 
--------------------------
Generation 5: 
65442, 54480, 53231, 61237, 61995, 71820, 63057, 55596, 55842, 60161, 60856, 56244, 68267, 55997, 55413, 53068, 63973, 59077, 61983, 57278, 55516, 58202, 58321, 57748, 58202, 59926, 61716, 54013, 61423, 60354, 58246, 60533, 53697, 59031, 54951, 59826, 52739, 58841, 63554, 54942, 61873, 57286, 62689, 66285, 59337, 56904, 55987, 59032, 61039, 60232, 54077, 58825, 61801, 59398, 62249, 61186, 60441, 61081, 60019, 62275, 61210, 61273, 53543, 52765, 61986, 60423, 60790, 61593, 63215, 60526, 63210, 61370, 60520, 55166, 60361, 63321, 61536, 58254, 56171, 60668, 53950, 58970, 66249, 55906, 59062, 60763, 58812, 
--------------------------
Generation 6: 
60876, 55413, 55987, 57877, 58321, 55906, 56369, 60518, 56523, 55997, 54799, 63555, 55829, 62229, 57350, 56171, 64701, 55516, 59978, 60139, 63101, 53543, 57066, 61378, 59623, 59161, 52765, 60971, 52739, 67377, 55596, 62183, 65226, 56036, 60092, 52739, 67506, 56411, 59736, 58690, 58302, 55803, 55975, 60312, 53106, 58968, 59881, 60075, 59569, 55827, 64911, 62262, 60547, 64050, 54077, 53701, 60191, 54480, 58978, 54942, 53697, 61250, 54951, 53068, 54013, 53231, 55166, 59614, 53950, 55973, 52765, 65763, 61177, 53100, 59951, 58849, 55205, 61654, 61859, 61949, 59703, 56229, 59495, 59493, 57156, 61250, 55842, 59086, 60819, 55658, 
--------------------------
Generation 7: 
63389, 55896, 61042, 55205, 60905, 52739, 61774, 53106, 59439, 54819, 61920, 53697, 60654, 63312, 60463, 52765, 53231, 54077, 53543, 58813, 59394, 57795, 60886, 57175, 60500, 61413, 54101, 56191, 59982, 55898, 56311, 60704, 52765, 62398, 62463, 54942, 54344, 53100, 58445, 54013, 65800, 61478, 60911, 61192, 58293, 61123, 59093, 54799, 61866, 60114, 61123, 54850, 74011, 61139, 57437, 59874, 60898, 61383, 62296, 65328, 59342, 54090, 61912, 60659, 60915, 59902, 60688, 58022, 54951, 55166, 60571, 57192, 60682, 52739, 60233, 52739, 71104, 52765, 59384, 61491, 56486, 61128, 59761, 53701, 59802, 53950, 54480, 53068, 53739, 
--------------------------
Generation 8: 
53814, 62032, 61710, 55157, 62778, 62089, 56478, 60650, 58271, 59922, 53106, 63786, 65495, 60999, 61087, 59840, 69876, 58291, 55860, 52739, 54850, 52739, 59167, 52765, 51981, 53100, 53446, 58458, 53231, 52765, 54951, 62196, 54101, 55166, 53068, 55896, 65366, 54850, 60063, 61689, 60395, 54962, 61473, 54077, 67905, 55026, 54090, 54850, 53701, 55205, 54895, 52765, 53543, 53739, 54942, 55182, 55205, 58291, 53010, 53697, 55898, 59712, 62159, 54819, 61127, 52739, 58274, 54601, 60776, 60670, 59523, 54013, 56191, 56191, 55002, 60619, 54799, 57758, 61131, 60028, 53950, 61974, 54344, 53543, 61167, 58445, 61659, 54480, 61519, 55166, 59285, 
--------------------------
Generation 9: 
53106, 52739, 62080, 61643, 56227, 61548, 60084, 54358, 54090, 62298, 67197, 59053, 52739, 53010, 54727, 58915, 67272, 56686, 53010, 59579, 61080, 52765, 53010, 53068, 52765, 62595, 55887, 56057, 59294, 58445, 60943, 60833, 60145, 53100, 54819, 54969, 52739, 59281, 68293, 55617, 54255, 56265, 64681, 60054, 59240, 60997, 56095, 54829, 59087, 61197, 60439, 62016, 61854, 61776, 59538, 61780, 61051, 62788, 54511, 57160, 59649, 60810, 58516, 61375, 58074, 59296, 61696, 60944, 52739, 51981, 55276, 61157, 58663, 61738, 52780, 60801, 60064, 61408, 58062, 52765, 54344, 59481, 56422, 62587, 56115, 60733, 52765, 61512, 52765, 61837, 56186, 
--------------------------
Generation 10: 
67184, 61188, 60686, 55276, 61962, 53011, 60582, 56249, 64414, 60426, 53885, 62257, 61454, 53304, 64075, 61099, 62258, 52765, 55876, 55792, 56186, 59995, 60101, 59085, 59067, 61278, 60643, 59815, 62900, 61042, 59910, 53917, 62031, 52765, 54653, 55922, 62108, 60354, 60223, 59810, 52739, 51981, 56395, 59053, 60724, 59131, 56280, 54483, 60043, 54109, 61717, 56090, 60966, 63065, 61462, 59317, 56329, 52765, 53010, 61647, 53981, 61625, 67364, 62151, 61103, 59751, 60639, 57023, 62032, 58921, 60252, 55851, 54788, 60770, 58062, 56186, 59798, 62884, 55875, 55145, 59613, 53010, 60324, 56186, 56306, 61508, 59126, 60710, 56260, 
--------------------------
Generation 11: 
54030, 55106, 62703, 54900, 61771, 61060, 55354, 58709, 61396, 61064, 61409, 54109, 61962, 54515, 53010, 56257, 59274, 54475, 60204, 62324, 53941, 62001, 53011, 53244, 54109, 54345, 53010, 63181, 54828, 61154, 60685, 60527, 62915, 53752, 58326, 51434, 55983, 55002, 61100, 60166, 61104, 61357, 58511, 51981, 59935, 55860, 53304, 59626, 62055, 53917, 55130, 60385, 52739, 60023, 58712, 56936, 56798, 54653, 54796, 54641, 56028, 60948, 61802, 56186, 60493, 54197, 58649, 52765, 62820, 62559, 57746, 60866, 59310, 58714, 59278, 58115, 60540, 52765, 53986, 59093, 54794, 53981, 56421, 58079, 60129, 56359, 53885, 56407, 55792, 
--------------------------
Generation 12: 
54787, 53752, 60654, 59306, 52765, 59204, 53885, 60377, 58873, 52192, 60816, 54030, 54641, 60831, 54475, 58619, 54197, 60169, 58794, 53917, 60166, 57106, 54900, 59030, 69969, 60263, 59003, 54109, 54109, 52765, 60857, 54829, 73551, 53011, 55002, 65640, 59631, 59366, 54828, 56186, 54653, 57624, 59033, 61104, 59078, 62890, 54796, 54794, 52765, 61761, 53941, 52765, 59286, 61227, 61841, 51434, 60901, 59745, 61422, 53986, 53010, 62483, 62118, 61462, 60638, 55868, 59903, 56182, 53244, 61429, 53981, 54900, 58926, 54345, 53010, 59532, 61754, 58811, 52739, 55052, 59625, 62590, 53304, 65466, 54515, 51981, 
--------------------------
Generation 13: 
54919, 53981, 59815, 53752, 57136, 59570, 60119, 60028, 64884, 53010, 52765, 56042, 62015, 62510, 55944, 54030, 63035, 56218, 51434, 53436, 52765, 58523, 61416, 53129, 61712, 61308, 59578, 58748, 62739, 59144, 60574, 55131, 53885, 54897, 55933, 68966, 53986, 54049, 60316, 61734, 59410, 62364, 58700, 52192, 51981, 58233, 52765, 52765, 61705, 55669, 53011, 57624, 59003, 53915, 61021, 58863, 63336, 54109, 53917, 59335, 60758, 53941, 62906, 59527, 53244, 61251, 56384, 60445, 56264, 53010, 55632, 61990, 58697, 58923, 56349, 53304, 56311, 58410, 52765, 60127, 55909, 61907, 62644, 54109, 52739, 62413, 62020, 55809, 57150, 
--------------------------
Generation 14: 
62516, 61016, 59169, 56049, 62338, 61257, 53757, 60010, 60944, 63144, 56028, 55952, 56449, 56212, 59162, 53434, 62819, 54031, 60972, 59842, 56433, 58114, 59816, 53010, 59304, 54984, 54978, 58609, 52192, 58801, 54927, 56331, 60919, 60448, 55854, 61203, 56711, 52765, 54635, 61546, 53030, 59149, 61216, 58799, 61248, 60129, 57755, 53956, 57610, 58818, 59616, 59706, 61087, 60852, 60852, 58064, 61243, 59708, 51434, 60402, 60556, 56366, 57571, 59574, 60192, 58573, 57724, 61241, 62272, 59970, 61148, 59576, 63218, 58547, 61076, 58458, 62140, 68148, 57942, 58233, 51434, 59491, 59410, 52345, 58854, 54411, 62609, 52544, 60140, 55423, 
--------------------------
Generation 15: 
