Generation 0: 
66071, 68410, 67846, 60571, 66700, 66312, 68722, 69499, 64060, 77558, 56339, 72168, 60008, 68330, 72882, 64642, 56370, 70241, 75228, 65281, 61371, 77094, 56956, 74562, 58640, 
--------------------------
Generation 1: 
64060, 59918, 64642, 74181, 56956, 66071, 61371, 65281, 69075, 66312, 56339, 61031, 60571, 68531, 56339, 61313, 68642, 60571, 60008, 65281, 66889, 58640, 64060, 65100, 61371, 56370, 
--------------------------
Generation 2: 
60904, 69702, 65441, 56339, 60008, 56339, 56339, 67138, 74887, 61031, 56339, 56339, 59972, 60008, 66862, 67134, 56339, 65281, 61031, 62306, 64060, 63603, 55892, 56339, 62508, 56519, 
--------------------------
Generation 3: 
67116, 56339, 64075, 60160, 60008, 62530, 56339, 56339, 60008, 59972, 56339, 56339, 67049, 55892, 56339, 56339, 66766, 63567, 56339, 56339, 60904, 56339, 59972, 56519, 60008, 56339, 
--------------------------
Generation 4: 
58253, 56339, 55892, 58827, 56339, 56339, 58457, 65860, 55892, 56339, 64440, 56339, 56339, 58706, 56339, 60877, 60008, 56339, 56339, 64075, 56339, 56339, 58692, 69006, 56339, 
--------------------------
Generation 5: 
59166, 60877, 56339, 56339, 56339, 55892, 56339, 65067, 56339, 55892, 56339, 56339, 55892, 56339, 65789, 62854, 55892, 56339, 56339, 56339, 55835, 56339, 56339, 56339, 56339, 65172, 
--------------------------
Generation 6: 
56339, 55892, 56339, 55835, 66640, 67405, 56339, 56339, 56339, 56339, 56339, 55892, 63398, 56339, 62522, 66277, 55835, 65789, 56339, 65062, 56339, 66165, 56477, 62645, 55892, 
--------------------------
Generation 7: 
63168, 56339, 56339, 68578, 55892, 55835, 56339, 56339, 55835, 63607, 64019, 56339, 55835, 56339, 56477, 55892, 62522, 63312, 56339, 56339, 56339, 62746, 55892, 56339, 55835, 55892, 
--------------------------
Generation 8: 
56339, 65786, 60090, 55892, 55892, 66854, 56339, 63053, 56339, 55835, 55835, 55892, 56339, 55892, 67286, 55892, 55835, 55835, 55835, 55892, 55835, 66325, 57261, 55835, 56339, 55892, 
--------------------------
Generation 9: 
55835, 55892, 55704, 55835, 55835, 55835, 55835, 55892, 55835, 55892, 65419, 55892, 55835, 66377, 55835, 61750, 55892, 63766, 66081, 55835, 55835, 61514, 55835, 66282, 68490, 
--------------------------
Generation 10: 
55704, 55835, 55835, 63044, 65354, 55835, 66753, 55835, 55835, 55704, 64889, 55835, 55835, 55835, 55835, 55835, 55835, 55892, 58998, 55835, 58370, 55835, 55704, 68127, 55835, 55835, 
--------------------------
Generation 11: 
55704, 55835, 60530, 55835, 67185, 67534, 55835, 55835, 55835, 65721, 62893, 55704, 55704, 55704, 55704, 55835, 55835, 55835, 68974, 65599, 66162, 67636, 55704, 55835, 
--------------------------
Generation 12: 
67583, 55704, 55704, 62334, 55704, 55835, 55704, 55704, 61872, 55835, 65137, 65990, 59158, 55704, 65932, 63676, 55704, 59276, 55704, 55704, 55704, 55704, 55704, 55704, 68683, 
--------------------------
Generation 13: 
64995, 55704, 55704, 55704, 55704, 55704, 55704, 66505, 61872, 55704, 55704, 59276, 55704, 65696, 55704, 55704, 55704, 55704, 65407, 55704, 55704, 55704, 55704, 55704, 55704, 74502, 
--------------------------
Generation 14: 
62541, 55704, 65313, 55704, 55704, 55704, 55704, 55704, 65402, 55704, 55704, 55704, 61552, 55704, 62884, 55704, 55704, 55704, 55704, 55704, 67919, 55704, 55704, 58374, 55704, 55704, 
--------------------------
Generation 15: 
62968, 56416, 55704, 55704, 55704, 55704, 55704, 65028, 61642, 63887, 55704, 55704, 64592, 55704, 55704, 55704, 55704, 66694, 55704, 57997, 64258, 61852, 63089, 60567, 62309, 
--------------------------
Generation 16: 
68740, 55704, 55704, 68973, 55704, 65310, 65886, 62788, 55704, 55704, 55704, 55704, 55704, 60999, 55704, 61852, 55704, 55725, 57709, 66399, 55704, 55704, 64368, 55704, 55704, 
--------------------------
Generation 17: 
55704, 55704, 61852, 56457, 64388, 59432, 55704, 65581, 55704, 66238, 55704, 55704, 62913, 55704, 55704, 55704, 68662, 65505, 55704, 55704, 55704, 66756, 55704, 55704, 61497, 
--------------------------
Generation 18: 
59979, 51239, 55704, 50331, 56389, 61944, 63666, 55849, 56946, 56477, 63350, 64314, 56055, 52825, 56691, 56349, 56165, 51209, 55452, 59228, 55704, 66793, 65657, 53933, 55704, 60540, 
--------------------------
Generation 19: 
55704, 60931, 55704, 55704, 65724, 59301, 67043, 55704, 55704, 59975, 55704, 55704, 55704, 65724, 67546, 55704, 66745, 60257, 63212, 61635, 63212, 55704, 63212, 69016, 62799, 
--------------------------
Generation 20: 
55704, 55704, 55704, 55704, 67918, 55704, 55704, 55704, 60931, 55704, 62036, 55704, 55704, 55704, 59301, 55704, 64547, 64007, 55704, 64960, 55704, 55500, 65869, 55704, 58312, 
--------------------------
Generation 21: 
55704, 55500, 66432, 55704, 61088, 55704, 55500, 65869, 66123, 55704, 55704, 55704, 55704, 55704, 55704, 55704, 55704, 55704, 55704, 66394, 55500, 55704, 63752, 64503, 55704, 
--------------------------
Generation 22: 
0, 0, 0, 0, 52763, 55847, 65488, 0, 65675, 55500, 65546, 67085, 68105, 55500, 61536, 55704, 55704, 55704, 55500, 55704, 55500, 55704, 55704, 65184, 55704, 62581, 
--------------------------
Generation 23: 
52372, 57078, 55704, 55704, 56347, 49653, 56362, 56533, 56218, 52807, 56936, 56098, 56672, 55704, 56434, 56250, 56023, 55684, 55500, 56735, 52687, 56585, 55500, 56915, 50647, 50856, 
--------------------------
Generation 24: 
69047, 55500, 69162, 55704, 68568, 66178, 60969, 65962, 66084, 60488, 62663, 65115, 55500, 55500, 55704, 55704, 61536, 55704, 55704, 55500, 55500, 68113, 68995, 65124, 66287, 
--------------------------
Generation 25: 
55500, 66768, 55500, 55500, 55500, 67828, 55500, 55500, 69542, 55500, 62179, 60488, 61842, 65994, 60488, 55704, 55500, 62891, 60969, 55704, 69200, 55500, 55704, 67840, 55704, 62410, 
--------------------------
Generation 26: 
65964, 55500, 55500, 55500, 55500, 55500, 58978, 55704, 55500, 55500, 63726, 55500, 55500, 64851, 55500, 55500, 55500, 58828, 55500, 55500, 55500, 55704, 64909, 55500, 68902, 55704, 
--------------------------
Generation 27: 
67667, 55500, 55500, 55500, 61261, 66456, 55500, 60231, 55500, 55500, 55500, 65144, 56081, 55500, 55500, 55500, 65877, 62734, 55500, 55500, 55500, 55500, 69957, 66004, 55500, 55500, 
--------------------------
Generation 28: 
55500, 55500, 55500, 55500, 55500, 55500, 55500, 58811, 55500, 55500, 67597, 55500, 64827, 55500, 55500, 61397, 55500, 68329, 55500, 55500, 66004, 66502, 66300, 55500, 55500, 67007, 
--------------------------
Generation 29: 
55500, 66998, 55500, 59289, 66762, 55500, 64725, 55500, 55500, 55500, 55500, 55500, 54708, 64601, 55500, 55500, 55500, 55500, 55500, 55500, 55500, 68392, 55500, 68726, 55500, 55500, 
--------------------------
Generation 30: 
55500, 55500, 67003, 55500, 61829, 55500, 66630, 55500, 67050, 60715, 55500, 64093, 64131, 55500, 55500, 65856, 55500, 64578, 55500, 55500, 55500, 55500, 54708, 64637, 55500, 
--------------------------
Generation 31: 
55500, 65478, 55500, 66005, 55500, 55500, 55500, 55500, 67271, 55500, 54708, 55500, 55500, 64966, 55500, 61201, 54708, 55500, 55500, 55500, 60715, 55500, 65694, 54708, 55500, 
--------------------------
Generation 32: 
55500, 55500, 65321, 54708, 55500, 54708, 55500, 56015, 60623, 67355, 63658, 55500, 59878, 65377, 55500, 65368, 55500, 67528, 55500, 54708, 55500, 68080, 55500, 65178, 55500, 55500, 
--------------------------
Generation 33: 
55500, 64590, 55500, 54708, 54708, 57659, 54708, 54708, 66455, 55500, 55500, 61215, 54584, 65918, 55500, 55500, 64811, 55500, 55500, 55500, 64706, 55500, 60726, 54708, 55500, 59878, 
--------------------------
Generation 34: 
66423, 67013, 66165, 54708, 61015, 55500, 62127, 59252, 54708, 54708, 54584, 57527, 67808, 62343, 54708, 61637, 54708, 55500, 66005, 54708, 66890, 68988, 54584, 54708, 54708, 
--------------------------
Generation 35: 
54708, 65334, 65573, 59252, 54708, 54584, 54584, 61015, 54584, 55500, 67575, 54708, 54584, 54708, 54584, 63504, 54708, 68318, 54708, 54708, 54708, 54708, 54708, 61901, 63758, 
--------------------------
Generation 36: 
63407, 69558, 54708, 54584, 54708, 65484, 62891, 65791, 67764, 54584, 59962, 63474, 54584, 54708, 54708, 62527, 59609, 54584, 54708, 54584, 54584, 54708, 54708, 54584, 54708, 54708, 
--------------------------
Generation 37: 
54708, 54584, 54584, 54584, 54584, 54584, 54708, 54584, 64701, 54708, 62200, 54584, 54584, 54584, 54461, 54584, 54584, 54708, 54584, 57187, 54584, 60929, 54584, 54584, 67766, 54708, 
--------------------------
Generation 38: 
55854, 67801, 54584, 65490, 54584, 66100, 54584, 54584, 54461, 67328, 54584, 54584, 67578, 54584, 54584, 65083, 54584, 60323, 54584, 54461, 54584, 54584, 54584, 56320, 54584, 68484, 
--------------------------
Generation 39: 
54584, 54584, 54461, 54584, 54584, 54584, 54584, 54584, 54584, 65276, 54584, 60390, 54584, 60678, 54584, 55854, 54584, 54584, 54461, 64392, 54584, 54584, 68077, 54584, 64376, 
--------------------------
Generation 40: 
54584, 54584, 54461, 67858, 54584, 54461, 54584, 54584, 54584, 66762, 54584, 54461, 54461, 54461, 54584, 54584, 54584, 54584, 58865, 54584, 65177, 54584, 54461, 54584, 65893, 58518, 
--------------------------
Generation 41: 
54584, 54584, 54461, 54461, 54584, 54584, 64648, 54461, 54584, 57881, 54461, 54461, 54584, 54461, 54461, 54461, 54461, 54461, 54461, 54461, 54461, 54584, 54584, 63970, 68447, 54461, 
--------------------------
Generation 42: 
54461, 54461, 65832, 54461, 54461, 54584, 54461, 60846, 61471, 54461, 54461, 61921, 68361, 62621, 64574, 54461, 66423, 54461, 54461, 57285, 66110, 54461, 54461, 54461, 54461, 
--------------------------
Generation 43: 
54461, 54461, 67890, 60846, 57324, 58639, 54461, 54461, 68161, 54461, 56087, 54461, 54461, 54461, 68026, 54461, 66257, 54461, 54461, 65189, 54461, 54461, 54461, 66924, 54461, 54461, 
--------------------------
Generation 44: 
54461, 54461, 54461, 54461, 54461, 64163, 54461, 64630, 65097, 66450, 54461, 59631, 54461, 54461, 64298, 65151, 65892, 63235, 54461, 54461, 64066, 54461, 64352, 62776, 54461, 
--------------------------
Generation 45: 
54461, 63533, 63111, 54461, 54461, 61960, 54461, 54461, 54461, 64587, 54461, 54461, 59631, 54461, 54461, 54461, 54461, 54461, 54461, 54461, 64148, 54461, 60799, 54461, 54461, 
--------------------------
Generation 46: 
59496, 54461, 61326, 60155, 54461, 61314, 70114, 54461, 54461, 65133, 61526, 68523, 54461, 54461, 54461, 54461, 54461, 54461, 66963, 54461, 54461, 54461, 54461, 54461, 64210, 68349, 
--------------------------
Generation 47: 
