Generation 0: 
62391, 63577, 214368, 70729, 55430, 234792, 233479, 260633, 233160, 235709, 245193, 210986, 224998, 65452, 217462, 236143, 76603, 232410, 232291, 225905, 233911, 234359, 234047, 233635, 60905, 
--------------------------
Generation 1: 
210986, 214368, 231778, 235140, 236147, 214368, 236147, 234047, 225905, 210986, 232410, 236147, 220412, 243933, 210986, 226757, 232291, 233160, 243780, 235140, 233160, 243561, 231778, 225905, 225905, 
--------------------------
Generation 2: 
214368, 214368, 210986, 210986, 210986, 210986, 214368, 220412, 220412, 233731, 222110, 210986, 232410, 225656, 235140, 225905, 210986, 220412, 225905, 234492, 210986, 210986, 220412, 214368, 210986, 210986, 
--------------------------
Generation 3: 
210986, 210986, 210986, 210986, 215243, 210986, 210986, 210986, 210986, 243462, 210986, 210986, 210986, 210986, 210986, 210986, 210986, 220418, 214368, 225687, 210986, 217597, 210986, 210986, 210986, 210986, 
--------------------------
Generation 4: 
210986, 210986, 210986, 210986, 210986, 210986, 210986, 215098, 210986, 210986, 210986, 210986, 210986, 210986, 210986, 210986, 210986, 225766, 210986, 210986, 210986, 210986, 210986, 205146, 229088, 210986, 
--------------------------
Generation 5: 
210986, 210986, 221966, 210986, 210986, 210986, 210986, 210986, 210986, 210986, 210986, 205146, 217432, 210986, 210986, 210986, 210986, 210986, 210986, 210986, 210986, 210986, 210986, 210986, 
--------------------------
Generation 6: 
205146, 210986, 210986, 210986, 210986, 210986, 210986, 210986, 210986, 210986, 210986, 210986, 210986, 210986, 210986, 210986, 210986, 210986, 210986, 210986, 210986, 210986, 210986, 230816, 210986, 
--------------------------
Generation 7: 
210986, 216089, 210986, 205146, 210986, 210986, 210986, 230392, 233752, 225698, 210986, 210986, 226157, 210986, 210986, 225376, 210986, 210986, 210986, 210986, 210986, 210986, 210986, 205146, 
--------------------------
Generation 8: 
210986, 238528, 210986, 210986, 210986, 210986, 210986, 205146, 205146, 210986, 205146, 210986, 205146, 210986, 210986, 210986, 210986, 210986, 205146, 210986, 208978, 205146, 210986, 210986, 210986, 
--------------------------
Generation 9: 
218051, 205146, 216780, 205146, 210986, 251687, 205146, 208978, 210986, 228281, 205146, 205146, 205146, 205146, 205146, 205146, 210986, 210986, 205146, 210986, 210986, 205146, 234335, 210986, 210986, 
--------------------------
Generation 10: 
218051, 205146, 205146, 205146, 205146, 205146, 205146, 210986, 205146, 205146, 205146, 205146, 205146, 225362, 205146, 205146, 205146, 205146, 205146, 236218, 205146, 205146, 235216, 205146, 205146, 
--------------------------
Generation 11: 
205146, 205146, 205146, 205146, 205146, 205146, 205146, 205146, 205146, 205146, 205146, 205146, 205146, 205146, 205146, 205146, 205146, 205146, 205146, 206354, 205146, 233927, 205146, 205146, 205146, 205146, 
--------------------------
Generation 12: 
205146, 205146, 205146, 205146, 205146, 235250, 205146, 205146, 205146, 205146, 205146, 205146, 205146, 205146, 205146, 205146, 205146, 205146, 205146, 205146, 215730, 205146, 205146, 
--------------------------
Generation 13: 
205146, 205146, 205146, 205146, 205146, 205146, 205146, 205146, 205146, 205146, 205146, 205146, 205146, 205146, 194954, 205146, 205146, 205146, 205146, 205146, 205146, 205146, 205146, 205146, 235069, 233867, 
--------------------------
Generation 14: 
205146, 210428, 205146, 205146, 205146, 241326, 205146, 205146, 205146, 224486, 196213, 225623, 205146, 205146, 205146, 205146, 205146, 205146, 194954, 205146, 223421, 205146, 205146, 205146, 
--------------------------
Generation 15: 
205146, 205146, 205146, 205146, 200282, 194954, 194954, 205146, 205146, 205146, 205146, 233719, 205146, 205146, 205146, 205146, 194954, 210428, 205146, 210428, 223835, 205146, 196213, 205146, 205146, 205146, 
--------------------------
Generation 16: 
205146, 194954, 194954, 205146, 220143, 196213, 205146, 196213, 194954, 194954, 205146, 200282, 205146, 205146, 205146, 205146, 221741, 194954, 205146, 205146, 194954, 194954, 205146, 194954, 205146, 194954, 
--------------------------
Generation 17: 
196213, 194954, 194954, 194954, 194954, 205146, 196213, 194954, 200282, 194954, 196213, 194954, 196213, 194954, 194954, 194954, 196213, 196213, 194954, 194954, 194954, 194954, 194954, 196213, 194954, 
--------------------------
Generation 18: 
194954, 194954, 194954, 194954, 194954, 194954, 194954, 194954, 194954, 194954, 194954, 194954, 194954, 194954, 216406, 194954, 194954, 194954, 194954, 211237, 233205, 196213, 194954, 210986, 194954, 
--------------------------
Generation 19: 
194954, 194954, 194954, 194954, 194954, 194954, 194954, 194954, 194954, 194954, 194954, 194954, 194954, 194954, 194954, 194954, 194954, 194954, 194954, 194954, 194954, 194954, 194954, 194954, 194954, 
--------------------------
Generation 20: 
194954, 220486, 194954, 194954, 194954, 194954, 194954, 194954, 194954, 194954, 194954, 194954, 194954, 194954, 194954, 194954, 194954, 211369, 194954, 194954, 194954, 194954, 194954, 194954, 194954, 194954, 
--------------------------
Generation 21: 
194954, 194954, 194954, 223790, 194954, 194954, 194954, 194954, 194954, 194954, 194954, 194954, 194954, 194954, 194954, 194954, 194954, 194954, 194954, 194954, 194954, 194954, 194954, 194954, 194954, 
--------------------------
Generation 22: 
194954, 233457, 194954, 194954, 194954, 194954, 194954, 216522, 194954, 194954, 194954, 194954, 194954, 194954, 194954, 194954, 194954, 194954, 194954, 194954, 194954, 194954, 194954, 194954, 194954, 
--------------------------
Generation 23: 
194954, 194954, 194954, 229256, 194954, 194954, 194954, 194954, 194954, 194954, 194954, 194954, 194954, 194954, 194954, 194954, 194954, 194954, 194954, 194954, 194954, 194954, 194954, 226680, 227242, 
--------------------------
Generation 24: 
225876, 233334, 194954, 194954, 225647, 194954, 194954, 194954, 228642, 194954, 194954, 194954, 194954, 194954, 194954, 194954, 194954, 194954, 194954, 194954, 194954, 194954, 194954, 213704, 194954, 194954, 
--------------------------
Generation 25: 
194954, 194954, 194954, 194954, 194954, 194954, 194954, 194954, 194954, 194954, 194954, 194954, 194954, 194954, 233789, 194954, 194954, 194954, 231911, 194954, 194954, 194954, 194954, 194954, 194954, 194954, 
--------------------------
Generation 26: 
194954, 194954, 194954, 194954, 194954, 194954, 194954, 194954, 194954, 228583, 194954, 233457, 194954, 194954, 194954, 194954, 194954, 218090, 223560, 214134, 194954, 194954, 194954, 194954, 194954, 
--------------------------
Generation 27: 
194954, 194954, 194954, 194954, 194954, 194954, 194954, 194954, 194954, 194954, 194954, 194954, 224758, 194954, 194954, 194954, 194954, 194954, 194954, 194954, 194954, 194954, 194954, 194954, 194954, 216938, 
--------------------------
Generation 28: 
194954, 194954, 194954, 194954, 194954, 194954, 194954, 194954, 194954, 194954, 194954, 194954, 194954, 194954, 194954, 194954, 194954, 194954, 194954, 212245, 194954, 235593, 194954, 194954, 194954, 
--------------------------
Generation 29: 
194954, 194954, 221239, 194954, 194954, 194954, 194954, 194954, 194954, 194954, 194954, 194954, 215496, 194954, 214152, 194954, 221673, 194954, 184958, 194954, 194954, 194954, 194954, 194954, 194954, 194954, 
--------------------------
Generation 30: 
194954, 194954, 194954, 194954, 194954, 194954, 184958, 194953, 215022, 194954, 194954, 194954, 194954, 184958, 194954, 184958, 194954, 194954, 184958, 194954, 194954, 194954, 194954, 194954, 194954, 
--------------------------
Generation 31: 
194953, 194953, 194954, 184958, 194954, 184958, 184958, 184958, 194954, 184958, 184958, 184958, 220487, 194953, 194953, 194954, 184958, 194954, 194953, 194954, 194954, 184958, 194954, 184958, 184958, 
--------------------------
