Generation 0: 
266094, 235280, 219372, 245486, 243274, 234961, 245522, 227268, 232424, 212914, 215866, 227072, 227644, 231521, 244545, 235133, 215826, 234900, 225808, 230866, 225309, 217156, 244996, 225356, 232688, 226330, 243382, 224825, 228677, 230635, 238326, 245575, 229481, 232129, 253421, 248163, 235448, 234259, 226791, 186594, 238110, 235029, 227462, 251297, 243318, 203788, 224801, 228778, 186594, 211758, 231296, 226024, 240026, 233511, 186594, 236479, 218690, 235739, 227879, 235714, 222136, 205719, 214283, 214283, 228963, 225015, 224804, 218050, 226126, 205118, 239551, 232126, 257225, 252095, 242837, 236591, 230865, 225200, 231660, 215449, 222287, 239506, 232172, 245115, 231055, 242178, 245490, 238382, 234651, 254076, 235673, 267134, 236000, 236087, 243889, 235116, 230411, 241780, 253327, 
--------------------------
Generation 1: 
191459, 206421, 235127, 236159, 244625, 215738, 235460, 233834, 244667, 241547, 232168, 231747, 225981, 231970, 0, 229101, 226848, 226715, 236814, 242044, 233744, 219599, 242354, 210433, 234727, 216123, 243411, 229979, 217298, 233554, 235571, 238700, 225280, 227457, 225683, 218259, 230231, 259169, 244011, 224992, 244956, 235063, 242060, 211940, 226712, 229582, 232160, 230129, 244507, 224932, 242194, 231517, 235472, 216225, 235207, 231962, 235871, 233099, 225710, 236138, 235020, 236150, 235355, 240623, 233491, 236293, 222525, 242727, 284972, 223871, 232500, 204937, 244565, 245753, 240073, 246055, 206046, 245417, 235739, 228922, 216186, 232160, 235156, 241587, 233492, 233932, 235230, 226857, 229153, 213074, 245609, 234516, 234951, 236063, 255135, 240281, 235042, 211862, 244062, 244035, 
--------------------------
Generation 2: 
243446, 232211, 231506, 215447, 239052, 240726, 219717, 196930, 215256, 243824, 226035, 220603, 0, 232281, 237001, 201883, 230425, 0, 235249, 225293, 225366, 225870, 231773, 235689, 235336, 226190, 235850, 235850, 239935, 253659, 236420, 286076, 226024, 232173, 237465, 215867, 236192, 222175, 225746, 207219, 235611, 222577, 206279, 236707, 235165, 243542, 216603, 236709, 233467, 225853, 202495, 241167, 235793, 234895, 236813, 0, 222641, 228618, 236413, 229534, 245205, 231850, 224787, 232359, 233127, 226881, 242235, 237508, 227276, 230273, 239960, 213322, 243569, 235515, 236466, 223639, 229167, 245203, 218036, 229867, 243873, 233771, 222372, 234126, 236316, 230271, 225375, 227920, 244033, 235575, 235981, 257233, 224458, 230777, 268323, 245167, 237022, 228764, 237676, 277337, 
--------------------------
Generation 3: 
