Generation 0: 
232712, 230819, 232257, 240621, 289679, 258260, 241504, 241717, 234378, 235926, 237824, 245104, 225473, 229244, 227234, 239160, 266845, 230832, 222171, 234491, 246606, 235330, 235295, 0, 2938825, 224912, 226936, 265738, 227444, 227444, 232175, 232175, 235248, 235248, 261927, 227044, 220865, 223833, 243523, 225049, 
--------------------------
Generation 1: 
225473, 239800, 227300, 241992, 224912, 225049, 222320, 237483, 225491, 233978, 220202, 212348, 242737, 225473, 227044, 232010, 225738, 212348, 235277, 0, 233497, 225773, 220865, 237220, 228519, 222171, 226936, 230953, 227234, 230819, 215016, 226936, 230840, 227444, 235751, 222171, 223833, 229244, 225470, 224764, 235849, 
--------------------------
Generation 2: 
236106, 223833, 231861, 220865, 241329, 234524, 232674, 221669, 212348, 235050, 210535, 225043, 219821, 233528, 222171, 232161, 244716, 242727, 223833, 215787, 220865, 224764, 218584, 223833, 223833, 206616, 222171, 212348, 215016, 222171, 221901, 231444, 218397, 226924, 222320, 232264, 236280, 220202, 233450, 244287, 
--------------------------
Generation 3: 
212378, 225832, 212348, 234664, 221669, 222320, 221901, 220202, 232160, 226156, 212348, 230370, 223833, 222171, 222171, 224385, 210535, 206616, 212348, 219821, 218397, 234881, 224781, 206616, 218584, 222171, 215842, 220865, 243501, 210535, 220865, 220202, 225604, 222171, 232834, 215016, 223833, 244696, 210535, 215787, 
--------------------------
Generation 4: 
206616, 221060, 230836, 210535, 210535, 244635, 206616, 206616, 211775, 226079, 230122, 215842, 206616, 212581, 225021, 234685, 216807, 225786, 206616, 215409, 212378, 210535, 212348, 215016, 204856, 244728, 210535, 218397, 212348, 210535, 229246, 205593, 224997, 212348, 226187, 218472, 213813, 235003, 212378, 223832, 215787, 
--------------------------
Generation 5: 
232992, 233592, 210535, 227257, 206616, 210535, 216683, 222029, 196318, 218642, 206616, 236634, 243823, 232148, 221850, 206616, 204856, 206616, 235367, 229311, 224862, 228627, 211178, 211801, 235860, 210535, 236118, 218599, 225436, 210535, 217876, 205593, 221537, 233869, 235236, 205593, 235667, 226845, 213813, 225840, 
--------------------------
Generation 6: 
225220, 219017, 216789, 231935, 243355, 204856, 232386, 223565, 225198, 216197, 243326, 240101, 230447, 205593, 204856, 232234, 205593, 235609, 206616, 228716, 227577, 205593, 205593, 226506, 215211, 201209, 205593, 225415, 211801, 222143, 234111, 196318, 210987, 216966, 196318, 232250, 217413, 204856, 192067, 225223, 
--------------------------
Generation 7: 
217500, 225687, 211801, 216197, 224648, 232484, 210987, 228007, 196318, 215417, 196318, 226319, 196318, 225362, 196318, 233470, 205593, 220830, 228010, 237244, 196318, 224532, 204876, 221867, 225677, 221935, 221639, 204856, 192067, 220418, 220872, 216974, 233378, 201209, 204856, 210406, 233400, 206703, 231272, 224685, 
--------------------------
Generation 8: 
225457, 192067, 232046, 240462, 196318, 204754, 235109, 196318, 217500, 210987, 196318, 196318, 218125, 196318, 224053, 207151, 226111, 220872, 225474, 237192, 196318, 204884, 220872, 196318, 196318, 216817, 215205, 210406, 196318, 196318, 233821, 225913, 218285, 225648, 212429, 229079, 234970, 218621, 206703, 
--------------------------
Generation 9: 
196318, 196318, 196318, 224098, 196318, 224937, 225346, 225704, 196318, 228183, 196318, 196318, 235116, 192067, 233940, 216208, 196318, 216012, 196318, 225028, 196318, 192067, 205887, 196318, 201075, 210987, 196318, 233928, 192067, 196318, 196318, 226933, 196318, 217145, 206703, 192067, 217141, 225086, 214843, 214938, 229876, 
--------------------------
Generation 10: 
196318, 215761, 192067, 224252, 227282, 215303, 192067, 192067, 192067, 221740, 196318, 196318, 218672, 236125, 196318, 221910, 196318, 221750, 196318, 192067, 192067, 196318, 219160, 196318, 224764, 196318, 192067, 192067, 221818, 224179, 235191, 196318, 222182, 206886, 196318, 196318, 196318, 196318, 215272, 192067, 
--------------------------
Generation 11: 
192067, 196318, 225937, 192067, 192067, 234666, 217219, 223985, 225765, 231228, 231457, 192067, 217325, 192067, 192067, 196318, 207249, 222810, 192067, 196318, 224449, 216177, 192067, 192067, 218819, 192067, 192067, 192067, 220032, 215738, 196318, 192056, 217580, 192067, 196318, 212639, 216631, 192067, 212210, 208659, 
--------------------------
Generation 12: 
192067, 192067, 196318, 230777, 192067, 224687, 192067, 192056, 192067, 192067, 225811, 221747, 192067, 222193, 220277, 192067, 220983, 221548, 196318, 192067, 192067, 236232, 196318, 192067, 192067, 196318, 192067, 221912, 192067, 192067, 192067, 226401, 192067, 233062, 192067, 222206, 226138, 196318, 192067, 192067, 
--------------------------
Generation 13: 
192067, 224735, 210418, 215253, 192067, 192067, 192067, 192067, 192067, 192067, 192067, 212449, 192067, 225379, 192067, 235022, 192067, 216086, 233539, 192067, 223937, 225202, 192056, 192067, 192067, 192067, 192067, 192067, 207088, 192076, 225587, 222192, 219978, 192067, 225504, 192067, 192067, 192067, 192067, 192067, 
--------------------------
Generation 14: 
192067, 192067, 232145, 192067, 192067, 192067, 235389, 192067, 192067, 232120, 219002, 192067, 192067, 192067, 207325, 192056, 192067, 192067, 229938, 216894, 224948, 192067, 232243, 220309, 192067, 209352, 192067, 209192, 192067, 192067, 192067, 192067, 192067, 192067, 220570, 192067, 192067, 226493, 192067, 192067, 
--------------------------
Generation 15: 
192056, 220815, 221128, 227187, 192067, 231973, 230194, 243366, 192056, 200316, 192056, 192067, 212637, 192067, 224586, 192067, 221512, 243457, 243457, 205895, 192067, 224327, 215714, 206539, 226024, 216373, 192067, 234924, 192067, 241246, 226645, 192067, 225273, 222272, 218314, 192067, 233998, 225653, 208284, 192067, 205990, 
--------------------------
Generation 16: 
192067, 215533, 192067, 192056, 216612, 221535, 230508, 192056, 214980, 200316, 192067, 192067, 214888, 192056, 231341, 233443, 226218, 192056, 192067, 222147, 192067, 558211, 192067, 206856, 192067, 237773, 192067, 192067, 192067, 190711, 192067, 192067, 212087, 192067, 225186, 219004, 211810, 192067, 234510, 192056, 
--------------------------
Generation 17: 
195987, 190711, 192056, 192056, 192067, 231802, 192067, 192067, 192056, 221130, 192056, 217358, 192067, 192067, 192056, 192067, 235116, 192067, 190711, 192056, 192067, 221588, 192067, 220258, 223450, 192056, 223930, 192056, 192067, 200068, 226232, 192056, 192056, 192853, 190711, 192056, 193569, 192056, 221882, 225180, 192056, 
--------------------------
Generation 18: 
193569, 233139, 215404, 203816, 190711, 192056, 225691, 192056, 192056, 192056, 190711, 225573, 209370, 192056, 192056, 192067, 192056, 192056, 221180, 192056, 225969, 203195, 192056, 221713, 192056, 233948, 192056, 192056, 224793, 224966, 214977, 230852, 190711, 192056, 192056, 190711, 192056, 192067, 199949, 190711, 
--------------------------
Generation 19: 
190711, 192056, 190711, 192056, 234427, 204753, 223992, 215696, 223759, 215752, 196558, 192056, 192056, 192056, 192056, 236421, 232193, 220465, 217204, 229893, 192056, 203923, 190711, 215524, 192056, 190711, 190711, 192056, 192056, 192056, 207663, 192056, 190711, 216419, 190711, 226352, 192056, 217977, 190711, 192056, 
--------------------------
Generation 20: 
222214, 229853, 190711, 215520, 213070, 224019, 190711, 222239, 230384, 232731, 233579, 227315, 196398, 190711, 190711, 190711, 190711, 217231, 190711, 218263, 225562, 222611, 192056, 190711, 190711, 192056, 214831, 231266, 190711, 231919, 217047, 211979, 234178, 240814, 225301, 215449, 224146, 231259, 236494, 190711, 190711, 
--------------------------
Generation 21: 
225644, 190711, 221498, 190711, 215616, 190711, 234546, 190711, 233601, 190711, 190711, 205919, 217428, 225443, 190711, 190711, 190711, 214762, 216836, 190711, 213070, 224501, 225835, 222099, 200854, 190711, 186685, 209316, 223477, 190711, 190711, 222067, 190711, 223539, 243342, 215361, 214831, 215764, 208433, 226590, 
--------------------------
Generation 22: 
224996, 190711, 190711, 190711, 226206, 200854, 226493, 226181, 190711, 190711, 216178, 186685, 214810, 190711, 190711, 190711, 190711, 224545, 190711, 190711, 225730, 190711, 190711, 186685, 190711, 190711, 208433, 190711, 190711, 221683, 205919, 190711, 190711, 186625, 212201, 225187, 190711, 206517, 190711, 190711, 
--------------------------
Generation 23: 
186685, 213073, 190711, 216706, 186685, 223894, 190711, 186625, 190711, 190711, 215539, 215873, 190711, 212462, 211325, 190711, 224985, 190711, 190711, 223954, 186685, 210668, 215367, 215009, 222608, 190711, 213614, 233555, 190711, 190711, 190711, 223310, 186625, 186685, 244491, 190711, 191891, 190711, 190711, 230013, 
--------------------------
Generation 24: 
190711, 226728, 216278, 186685, 186685, 232191, 234879, 216272, 225577, 242027, 225622, 232707, 216204, 230438, 186625, 186685, 213306, 243619, 214985, 186685, 186625, 190711, 186685, 186685, 220241, 212205, 186625, 190711, 190711, 190711, 186625, 233970, 190711, 190711, 190711, 224577, 186625, 221691, 227989, 214975, 
--------------------------
Generation 25: 
221455, 233846, 215263, 225023, 186594, 207530, 211795, 215324, 206939, 226123, 231039, 203306, 220448, 186625, 231417, 225268, 211982, 186625, 186685, 225502, 186685, 212020, 226092, 186685, 214884, 186625, 215249, 234555, 186625, 215634, 223486, 215799, 223334, 231898, 212391, 186625, 186625, 212745, 226647, 186625, 186625, 
--------------------------
Generation 26: 
203636, 186685, 222172, 186625, 222361, 186625, 216974, 232748, 220860, 186625, 186625, 186625, 215325, 212020, 211795, 203306, 202257, 186685, 223783, 236789, 222376, 211982, 234641, 186625, 186625, 223372, 206422, 206939, 186625, 186594, 207530, 186625, 223176, 212391, 186625, 186625, 215326, 228936, 186685, 233488, 186625, 
--------------------------
Generation 27: 
186625, 215358, 186625, 186901, 214899, 212712, 215740, 226803, 186625, 186625, 201879, 211708, 186625, 215662, 186685, 221665, 186625, 226442, 229112, 203636, 186611, 225697, 186625, 186625, 186625, 206169, 186685, 206903, 216284, 233040, 186625, 186594, 186685, 186625, 226491, 186625, 186625, 186594, 186625, 202257, 218754, 
--------------------------
Generation 28: 
186625, 217496, 230476, 221011, 186625, 186625, 215110, 186625, 186625, 186594, 186625, 186611, 220746, 186625, 240775, 225732, 186611, 220933, 186625, 233908, 233652, 211327, 203974, 233356, 186625, 205770, 186625, 226021, 186625, 235452, 186625, 226097, 186594, 231920, 186625, 186625, 212597, 223948, 221122, 222775, 
--------------------------
Generation 29: 
206324, 225302, 186625, 186594, 225689, 186611, 232023, 210616, 186594, 186625, 215092, 225116, 236088, 216947, 225744, 232027, 225456, 186625, 216962, 186625, 186611, 186625, 200270, 222566, 216015, 186625, 229191, 233545, 225405, 186625, 186610, 233795, 186625, 186594, 186625, 205770, 222192, 224608, 186625, 186625, 
--------------------------
